date	dosen_kumulativ	dosen_differenz_zum_vortag	dosen_erst_differenz_zum_vortag	dosen_zweit_differenz_zum_vortag	dosen_biontech_kumulativ	dosen_moderna_kumulativ	dosen_astrazeneca_kumulativ	personen_erst_kumulativ	personen_voll_kumulativ	impf_quote_erst	impf_quote_voll	indikation_alter_dosen	indikation_beruf_dosen	indikation_medizinisch_dosen	indikation_pflegeheim_dosen	indikation_alter_erst	indikation_beruf_erst	indikation_medizinisch_erst	indikation_pflegeheim_erst	indikation_alter_voll	indikation_beruf_voll	indikation_medizinisch_voll	indikation_pflegeheim_voll	dosen_dim_kumulativ	dosen_kbv_kumulativ	dosen_johnson_kumulativ	dosen_biontech_erst_kumulativ	dosen_biontech_zweit_kumulativ	dosen_moderna_erst_kumulativ	dosen_moderna_zweit_kumulativ	dosen_astrazeneca_erst_kumulativ	dosen_astrazeneca_zweit_kumulativ
2020-12-27	24087	24087	24073	14	24086	1	0	24073	14	0.000	0.000	10705	8657	1305	12604	10664	8590	1305	12536	41	67	0	68	24087	0	0	24072	14	1	0	0	0
2020-12-28	42647	18560	18523	37	42646	1	0	42596	51	0.001	0.000	18621	15788	1991	21344	18580	15721	1991	21276	41	67	0	68	42647	0	0	42595	51	1	0	0	0
2020-12-29	93471	50824	50095	729	93470	1	0	92691	780	0.001	0.000	34989	40734	3107	40508	34724	40420	3107	40099	265	314	0	409	93471	0	0	92690	780	1	0	0	0
2020-12-30	156253	62782	62661	121	156252	1	0	155352	901	0.002	0.000	55510	73365	4901	63206	55243	73050	4901	62794	267	315	0	412	156253	0	0	155351	901	1	0	0	0
2020-12-31	206444	50191	50042	149	206443	1	0	205394	1050	0.002	0.000	72831	96719	6752	83965	72517	96367	6752	83476	314	352	0	489	206444	0	0	205393	1050	1	0	0	0
2021-01-01	225378	18934	18927	7	225376	1	1	224321	1057	0.003	0.000	81208	105449	7830	92301	80894	105097	7830	91812	314	352	0	489	225378	0	0	224319	1057	1	0	1	0
2021-01-02	277916	52538	52255	283	277914	1	1	276576	1340	0.003	0.000	102774	129731	10350	113258	102365	129304	10350	112629	409	427	0	629	277916	0	0	276574	1340	1	0	1	0
2021-01-03	301815	23899	23894	5	301813	1	1	300470	1345	0.004	0.000	113044	140227	11284	123279	112635	139800	11284	122650	409	427	0	629	301815	0	0	300468	1345	1	0	1	0
2021-01-04	349990	48175	48124	51	349988	1	1	348594	1396	0.004	0.000	129646	164913	13951	139091	129237	164486	13951	138462	409	427	0	629	349990	0	0	348592	1396	1	0	1	0
2021-01-05	403759	53769	53740	29	403756	2	1	402334	1425	0.005	0.000	147987	192565	16489	157656	147576	192117	16489	157025	411	448	0	631	403759	0	0	402331	1425	2	0	1	0
2021-01-06	466429	62670	62663	7	466418	8	3	464997	1432	0.006	0.000	169498	225530	19910	180812	169086	225082	19910	180181	412	448	0	631	466429	0	0	464986	1432	8	0	3	0
2021-01-07	522517	56088	56079	9	522503	11	3	521076	1441	0.006	0.000	189172	254868	22957	197233	188758	254418	22957	196600	414	450	0	633	522517	0	0	521062	1441	11	0	3	0
2021-01-08	585574	63057	62734	323	585512	59	3	583810	1764	0.007	0.000	211521	287315	26324	218219	211009	286711	26320	217449	512	604	4	770	585574	0	0	583748	1764	59	0	3	0
2021-01-09	647013	61439	61392	47	646951	59	3	645202	1811	0.008	0.000	237322	313238	29007	243325	236798	312599	29003	242545	524	639	4	780	647013	0	0	645140	1811	59	0	3	0
2021-01-10	682526	35513	35504	9	682464	59	3	680706	1820	0.008	0.000	252455	327794	30379	256315	251929	327151	30375	255535	526	643	4	780	682526	0	0	680644	1820	59	0	3	0
2021-01-11	750129	67603	67551	52	750065	61	3	748257	1872	0.009	0.000	277513	359176	33587	276774	276967	358513	33583	275968	546	663	4	806	750129	0	0	748193	1872	61	0	3	0
2021-01-12	832788	82659	82600	59	832718	66	4	830857	1931	0.010	0.000	305695	401338	36582	301731	305147	400670	36578	300888	548	668	4	843	832788	0	0	830787	1931	66	0	4	0
2021-01-13	944517	111729	111531	198	943650	863	4	942388	2129	0.011	0.000	345167	458844	40485	337339	344574	458093	40466	336399	593	751	19	940	944517	0	0	941521	2129	863	0	4	0
2021-01-14	1027668	83151	82966	185	1022174	5490	4	1025354	2314	0.012	0.000	374803	501101	42769	361463	374094	500254	42750	360452	709	847	19	1011	1027668	0	0	1019904	2270	5446	44	4	0
2021-01-15	1119185	91517	90907	610	1108249	10927	9	1116261	2924	0.013	0.000	408725	545673	46728	389202	407810	544625	46700	387982	915	1048	28	1220	1119185	0	0	1105369	2880	10883	44	9	0
2021-01-16	1176753	57568	56662	906	1164045	12699	9	1172923	3830	0.014	0.000	432983	570627	48859	408798	431664	569232	48767	407047	1319	1395	92	1751	1176753	0	0	1160259	3786	12655	44	9	0
2021-01-17	1225752	48999	31657	17342	1211738	14004	10	1204580	21172	0.014	0.000	453449	591002	50884	428544	444215	583354	50014	417145	9234	7648	870	11399	1225752	0	0	1190610	21128	13960	44	10	0
2021-01-18	1308381	82629	66857	15772	1290333	18037	11	1271437	36944	0.015	0.000	482728	633883	53106	448900	467235	619730	51700	430238	15493	14153	1406	18662	1308381	0	0	1253434	36899	17992	45	11	0
2021-01-19	1426055	117674	82795	34879	1404526	21504	25	1354232	71823	0.016	0.001	519765	695968	56714	479843	492669	666683	54375	447938	27096	29285	2339	31905	1426055	0	0	1332748	71778	21459	45	25	0
2021-01-20	1558069	132014	80495	51519	1533785	24255	29	1434727	123342	0.017	0.001	568076	760039	60957	522078	522876	706310	57505	469463	45200	53729	3452	52615	1558069	0	0	1410488	123297	24210	45	29	0
2021-01-21	1665788	107719	65866	41853	1638792	26967	29	1500593	165195	0.018	0.002	610150	808503	65406	556195	549621	735602	60889	487988	60529	72901	4517	68207	1665788	0	0	1473642	165150	26922	45	29	0
2021-01-22	1769830	104042	68480	35562	1740781	29009	40	1569073	200757	0.019	0.002	654049	853889	69013	590642	579902	764987	63599	506975	74147	88902	5414	83667	1769830	0	0	1540071	200710	28962	47	40	0
2021-01-23	1854839	85009	40049	44960	1825406	29392	41	1609122	245717	0.019	0.003	691767	890989	72414	617916	599855	780966	64783	516268	91912	110023	7631	101648	1854839	0	0	1579736	245670	29345	47	41	0
2021-01-24	1904070	49231	26084	23147	1874389	29636	45	1635206	268864	0.020	0.003	715655	910067	73331	632982	614016	789814	65130	521524	101639	120253	8201	111458	1904070	0	0	1605572	268817	29589	47	45	0
2021-01-25	1995775	91705	53105	38600	1964369	31359	47	1688311	307464	0.020	0.004	756375	951632	76827	658117	642321	811974	66847	534304	114054	139658	9980	123813	1995775	0	0	1656952	307417	31312	47	47	0
2021-01-26	2094445	98670	50241	48429	2061381	33011	53	1738552	355893	0.021	0.004	796572	997196	80614	684405	667753	831436	68195	545278	128819	165760	12419	139127	2094445	0	0	1705539	355842	32960	51	53	0
2021-01-27	2205590	111145	51514	59631	2170562	34967	61	1790066	415524	0.022	0.005	839834	1049509	85786	715259	691463	852265	70042	556304	148371	197244	15744	158955	2205590	0	0	1755099	415463	34906	61	61	0
2021-01-28	2296828	91238	45127	46111	2260161	36603	64	1835193	461635	0.022	0.006	877990	1090332	89974	739697	713483	869115	71590	567469	164507	221217	18384	172228	2296828	0	0	1798605	461556	36524	79	64	0
2021-01-29	2405941	109113	51463	57650	2367863	38008	70	1886656	519285	0.023	0.006	920894	1138243	95507	769100	735839	888487	73819	578309	185055	249756	21688	190791	2405941	0	0	1848657	519206	37929	79	70	0
2021-01-30	2494447	88506	36346	52160	2455494	38882	71	1923002	571445	0.023	0.007	957412	1174692	99468	796433	752473	901967	75224	586328	204939	272725	24244	210105	2494447	0	0	1884129	571365	38802	80	71	0
2021-01-31	2550961	56514	25983	30531	2511630	39259	72	1948985	601976	0.023	0.007	982865	1196922	101575	812430	766590	910861	76411	592657	216275	286061	25164	219773	2550961	0	0	1909743	601887	39171	88	71	1
2021-02-01	2671610	120649	59159	61490	2630013	41469	128	2008144	663466	0.024	0.008	1026174	1260299	105285	839830	787193	944041	78273	602425	238981	316258	27012	237405	2671610	0	0	1966636	663377	41381	88	127	1
2021-02-02	2803302	131692	64215	67477	2758825	44336	141	2072359	730943	0.025	0.009	1069633	1330364	110479	870030	806216	982089	80866	611659	263417	348275	29613	258371	2803302	0	0	2027972	730853	44247	89	140	1
2021-02-03	2962783	159481	64162	95319	2911899	50722	162	2136521	826262	0.026	0.010	1128983	1407775	116405	912544	829819	1014401	83062	623312	299164	393374	33343	289232	2962783	0	0	2085729	826170	50631	91	161	1
2021-02-04	3094559	131776	61085	70691	3037795	56595	169	2197606	896953	0.026	0.011	1177986	1472437	120972	943857	851937	1046473	85311	632945	326049	425964	35661	310912	3094559	0	0	2140936	896859	56502	93	168	1
2021-02-05	3239339	144780	67664	77116	3176171	62991	177	2265270	974069	0.027	0.012	1232524	1542580	126293	977786	877231	1080338	86905	644262	355293	462242	39388	333524	3239339	0	0	2202197	973974	62898	93	175	2
2021-02-06	3339490	100151	47172	52979	3273794	65518	178	2312442	1027048	0.028	0.012	1272514	1588658	130853	1003590	896490	1101898	88782	653957	376024	486760	42071	349633	3339490	0	0	2246841	1026953	65425	93	176	2
2021-02-07	3393749	54259	28179	26080	3325654	67915	180	2340621	1053128	0.028	0.013	1298155	1609930	133571	1016823	910800	1112720	90015	659435	387355	497210	43556	357388	3393749	0	0	2272622	1053032	67821	94	178	2
2021-02-08	3503694	109945	53166	56779	3431604	71885	205	2393787	1109907	0.029	0.013	1350672	1655734	137545	1035599	942269	1129343	91902	666781	408403	526391	45643	368818	3503694	0	0	2321794	1109810	71790	95	203	2
2021-02-09	3637621	133927	59690	74237	3561488	75819	314	2453477	1184144	0.030	0.014	1411842	1714380	141993	1058512	978151	1147503	94639	674792	433691	566877	47354	383720	3637621	0	0	2377932	1183556	75233	586	312	2
2021-02-10	3789385	151764	75150	76614	3702198	79831	7356	2528627	1260758	0.030	0.015	1478760	1781046	146001	1087933	1017461	1175177	96286	685176	461299	605869	49715	402757	3789385	0	0	2442976	1259222	78297	1534	7354	2
2021-02-11	3930540	141155	73837	67318	3820755	86977	22806	2602466	1328076	0.031	0.016	1539776	1848576	151475	1113070	1052428	1208053	98713	694775	487348	640523	52762	418295	3930540	0	2	2497077	1323678	82589	4388	22798	8
2021-02-12	4088036	157496	81419	76077	3954035	96765	37232	2683887	1404153	0.032	0.017	1611268	1919253	157751	1138545	1094198	1240389	101429	704318	517070	678864	56322	434227	4088036	0	4	2559263	1394772	87398	9367	37222	10
2021-02-13	4195793	107757	62178	45579	4045724	99951	50113	2746066	1449732	0.033	0.017	1667599	1960972	162355	1156080	1129093	1262877	103231	711418	538506	698095	59124	444662	4195793	0	5	2606921	1438803	89045	10906	50095	18
2021-02-14	4261087	65294	40025	25269	4101311	102396	57374	2786092	1475001	0.034	0.018	1706122	1983696	163973	1164146	1153761	1276081	104081	714928	552361	707615	59892	449218	4261087	0	6	2638463	1462848	90288	12108	57335	39
2021-02-15	4387846	126759	71147	55612	4208393	107353	72093	2857240	1530613	0.034	0.018	1773591	2031897	168008	1183418	1194859	1300739	106358	721524	578732	731158	61650	461894	4387846	0	7	2692710	1515683	92480	14873	72043	50
2021-02-16	4524456	136610	81983	54627	4315645	113093	95710	2939224	1585240	0.035	0.019	1839625	2089928	170683	1200400	1236633	1336138	107879	728440	602992	753790	62804	471960	4524456	0	8	2748448	1567197	95116	17977	95652	58
2021-02-17	4673659	149203	93532	55671	4437441	120803	115406	3032757	1640911	0.036	0.020	1920033	2147919	175770	1221928	1292995	1368705	110873	736858	627038	779214	64897	485070	4673659	0	9	2817612	1619829	99793	21010	115343	63
2021-02-18	4816356	142697	91459	51238	4548500	128751	139095	3124217	1692149	0.038	0.020	1995907	2206102	179208	1240945	1345328	1403985	112659	744258	650579	802117	66549	496687	4816356	0	10	2880899	1667601	104280	24471	139028	67
2021-02-19	4970881	154525	99792	54733	4667733	138661	164476	3224010	1746882	0.039	0.021	2076668	2266444	184080	1258305	1402958	1440066	115287	750941	673710	826378	68793	507364	4970881	0	11	2948412	1719321	111185	27476	164402	74
2021-02-20	5084285	113404	76305	37099	4754968	143186	186119	3300316	1783981	0.040	0.021	2138268	2310157	187738	1272296	1445964	1469322	117533	755178	692304	840835	70205	517118	5084285	0	12	2999087	1755881	115183	28003	186034	85
2021-02-21	5170441	86156	57046	29110	4822596	146414	201418	3357363	1813091	0.040	0.022	2187054	2340674	190304	1282667	1479917	1489494	118664	757407	707137	851180	71640	525260	5170441	0	13	3037768	1784828	118252	28162	201330	88
2021-02-22	5330785	160344	100233	60111	4948740	155510	226521	3457597	1873202	0.042	0.023	2266701	2410287	195201	1300517	1538362	1525084	121627	763642	728339	885203	73574	536875	5330785	0	14	3105623	1843117	125538	29972	226422	99
2021-02-23	5497992	167207	107436	59771	5081269	162669	254039	3565034	1932973	0.043	0.023	2346910	2483166	200501	1318387	1598211	1563793	124757	771284	748699	919373	75744	547103	5497992	0	15	3180052	1901217	131036	31633	253931	108
2021-02-24	5673960	175968	116372	59596	5214108	170448	289388	3681407	1992569	0.044	0.024	2431789	2557990	207079	1337422	1660503	1608669	128907	778912	771286	949321	78172	558510	5673960	0	16	3255001	1959107	137128	33320	289262	126
2021-02-25	5863309	189349	130818	58531	5345340	177152	340801	3812225	2051100	0.046	0.025	2514175	2648479	213515	1355541	1722988	1667176	133470	787131	791187	981303	80045	568410	5863309	0	16	3329166	2016174	142380	34772	340663	138
2021-02-26	6073103	209794	144369	65425	5485617	185987	401483	3956594	2116525	0.048	0.025	2602819	2749814	220591	1375230	1787946	1735795	138593	794627	814873	1014019	81998	580603	6073103	0	16	3405700	2079917	149576	36411	401302	181
2021-02-27	6221723	148620	108606	40014	5578446	190189	453072	4065200	2156539	0.049	0.026	2666475	2822116	227301	1388101	1833818	1790224	143432	799030	832657	1031892	83869	589071	6221723	0	16	3459289	2119157	153014	37175	452881	191
2021-02-28	6329824	108101	83810	24291	5640844	194140	494824	4149010	2180830	0.050	0.026	2714700	2875405	231582	1394762	1868893	1834535	146785	801170	845807	1040870	84797	593592	6329824	0	16	3497758	2143086	156613	37527	494623	201
2021-03-01	6525640	195816	146448	49368	5769489	203549	552586	4295458	2230198	0.052	0.027	2817221	2953369	239381	1408021	1943445	1896228	153263	806209	873776	1057141	86118	601812	6525640	0	16	3579072	2190417	163999	39550	552371	215
2021-03-02	6745652	220012	166325	53687	5910112	213715	621809	4461783	2283885	0.054	0.027	2927307	3047588	248982	1422628	2022735	1971725	160632	812692	904572	1075863	88350	609936	6745652	0	16	3668836	2241276	171351	42364	621580	229
2021-03-03	6989373	243721	174726	68995	6066963	227559	694835	4636509	2352880	0.056	0.028	3047976	3148969	260606	1439862	2105531	2048823	170041	819606	942445	1100146	90565	620256	6989373	0	16	3762197	2304766	179767	47792	694529	306
2021-03-04	7232517	243144	180464	62680	6209361	241613	781527	4816973	2415560	0.058	0.029	3159240	3258741	272992	1455625	2181653	2136963	180034	825002	977587	1121778	92958	630623	7232517	0	16	3847174	2362187	188621	52992	781162	365
2021-03-05	7501669	269152	201729	67423	6356624	254944	890085	5018702	2482983	0.060	0.030	3277185	3383782	287941	1471072	2258903	2242620	191990	830697	1018282	1141162	95951	640375	7501669	0	16	3932895	2423729	196115	58829	889676	409
2021-03-06	7704156	202487	153196	49291	6467396	263535	973209	5171898	2532274	0.062	0.030	3366696	3478463	298371	1480590	2314602	2325555	200824	833966	1052094	1152908	97547	646624	7704156	0	16	3996594	2470802	202511	61024	972777	432
2021-03-07	7854549	150393	115931	34462	6549883	270266	1034384	5287829	2566736	0.064	0.031	3437978	3544531	306478	1486155	2360956	2383880	208082	835928	1077022	1160651	98396	650227	7854549	0	16	4046977	2502906	206900	63366	1033936	448
2021-03-08	8093776	239227	186719	52508	6685613	281274	1126873	5474548	2619244	0.066	0.031	3556806	3640371	322827	1498475	2442587	2468035	222757	841890	1114219	1172336	100070	656585	8093776	0	16	4133576	2552037	214563	66711	1126393	480
2021-03-09	8344286	250510	195748	54762	6825759	294135	1224376	5670296	2674006	0.068	0.032	3677710	3742787	340236	1512022	2524321	2558568	238262	848791	1153389	1184219	101974	663231	8344286	0	16	4222384	2603375	224063	70072	1223833	543
2021-03-10	8628047	283761	218074	65687	6983412	305588	1339031	5888370	2739693	0.071	0.033	3808598	3856306	360962	1530389	2606688	2661880	256906	860000	1201910	1194426	104056	670389	8627076	971	16	4317504	2665908	232415	73173	1338435	596
2021-03-11	8909657	281610	220706	60904	7132500	318815	1458326	6109076	2800597	0.073	0.034	3937470	3976178	382106	1544008	2689957	2769533	276555	867677	1247513	1206645	105551	676331	8908031	1626	16	4409988	2722512	241398	77417	1457674	652
2021-03-12	9233705	324048	252401	71647	7285376	336387	1611926	6361477	2872244	0.076	0.035	4071484	4127850	404783	1559463	2770420	2906954	297406	877132	1301064	1220896	107377	682331	9231869	1836	16	4496231	2789145	254240	82147	1610990	936
2021-03-13	9480248	246543	197101	49442	7400081	346136	1734015	6558578	2921686	0.079	0.035	4181046	4240796	425293	1567511	2840453	3011727	316755	881879	1340593	1229069	108538	685632	9478256	1992	16	4562906	2837175	262623	83513	1733033	982
2021-03-14	9651482	171234	135240	35994	7489603	351282	1810581	6693818	2957680	0.080	0.036	4266043	4307307	441408	1570975	2896461	3072888	331859	883676	1369582	1234419	109549	687299	9649480	2002	16	4617421	2872182	266799	84483	1809582	999
2021-03-15	9899775	248293	189431	58862	7642008	363698	1894053	6883249	3016542	0.083	0.036	4400463	4391447	461474	1582289	2984151	3147219	350790	890548	1416312	1244228	110684	691741	9897490	2285	16	4712669	2929339	277588	86110	1892976	1077
2021-03-16	10078932	179157	112133	67024	7808133	374807	1895976	6995382	3083566	0.084	0.037	4527474	4426082	473886	1593025	3059300	3169255	361553	895647	1468174	1256827	112333	697378	10076100	2832	16	4814108	2994025	286361	88446	1894897	1079
2021-03-17	10284147	205215	125750	79465	7993901	392836	1897394	7121132	3163031	0.086	0.038	4672447	4463838	487350	1605072	3141952	3193652	373040	902175	1530495	1270186	114310	702897	10280698	3449	16	4925174	3068727	299631	93205	1896311	1083
2021-03-18	10478860	194713	119366	75347	8168808	411065	1898971	7240498	3238378	0.087	0.039	4812398	4498757	499905	1615322	3222615	3215628	383588	907340	1589783	1283129	116317	707982	10474988	3872	16	5029806	3139002	312790	98275	1897886	1085
2021-03-19	10722773	243913	161071	82842	8353393	431660	1937704	7401569	3321220	0.089	0.040	4961948	4563922	518114	1627194	3306761	3267408	399605	914537	1655187	1296514	118509	712657	10718370	4403	16	5138289	3215104	326725	104935	1936539	1165
2021-03-20	10943035	220262	166374	53888	8489908	446974	2006137	7567943	3375108	0.091	0.041	5078536	4641917	537715	1633319	3379545	3337212	417708	917920	1698991	1304705	120007	715399	10938308	4727	16	5224657	3265251	338342	108632	2004928	1209
2021-03-21	11109136	166101	127338	38763	8594549	456190	2058381	7695281	3413871	0.093	0.041	5171749	4694283	554274	1635819	3440184	3384099	433219	919244	1731565	1310184	121055	716575	11104409	4727	16	5293555	3300994	344561	111629	2057149	1232
2021-03-22	11375354	266218	190054	76164	8760251	479859	2135228	7885335	3490035	0.095	0.042	5329624	4766248	576579	1645397	3534739	3445389	453483	925279	1794885	1320859	123096	720118	11369099	6255	16	5390701	3369550	360688	119171	2133930	1298
2021-03-23	11673273	297919	214156	83763	8940527	500128	2232602	8099491	3573798	0.097	0.043	5490190	4854892	604288	1656865	3629814	3521119	478432	932910	1860376	1333773	125856	723955	11662030	11243	16	5492602	3447925	375655	124473	2231218	1384
2021-03-24	12007352	334079	245765	88314	9137767	533260	2336309	8345256	3662112	0.100	0.044	5664852	4952071	635971	1672375	3732242	3605792	507202	944863	1932610	1346279	128769	727512	11990317	17035	16	5607117	3530650	403274	129986	2334849	1460
2021-03-25	12344953	337601	257446	80155	9326242	560594	2458101	8602702	3742267	0.103	0.045	5830941	5060081	670798	1683452	3832663	3703768	539527	951994	1998278	1356313	131271	731458	12321973	22980	16	5721310	3604932	424826	135768	2456550	1551
2021-03-26	12719695	374742	285990	88752	9528098	597000	2594581	8888692	3831019	0.107	0.046	6003833	5184282	710463	1698535	3933360	3816071	576057	962322	2070473	1368211	134406	736213	12690401	29294	16	5841133	3686965	454612	142388	2592931	1650
2021-03-27	13006478	286783	223629	63154	9680073	624364	2702025	9112321	3894173	0.110	0.047	6147056	5279869	744190	1703356	4023632	3903670	607441	965464	2123424	1376199	136749	737892	12974834	31644	16	5933364	3746709	478634	145730	2700307	1718
2021-03-28	13203403	196925	144184	52741	9797810	642892	2762685	9256505	3946914	0.111	0.047	6253046	5333384	768116	1706823	4085867	3950861	629648	967502	2167179	1382523	138468	739321	13171568	31835	16	6001684	3796126	493887	149005	2760918	1767
2021-03-29	13512226	308823	219785	89038	9985655	668934	2857621	9476290	4035952	0.114	0.049	6418833	5404751	806706	1716518	4180272	4010842	665103	973637	2238561	1393909	141603	742881	13474443	37783	16	6107851	3877804	512622	156312	2855801	1820
2021-03-30	13840720	328494	235141	93353	10201567	695230	2943907	9711431	4129305	0.117	0.050	6591913	5474211	853024	1727240	4280843	4069380	706095	981320	2311070	1404831	146929	745920	13790801	49919	16	6237998	3963569	531397	163833	2942020	1887
2021-03-31	14182327	341607	238532	103075	10451133	733563	2997615	9949963	4232380	0.120	0.051	6774517	5538855	899988	1738789	4384637	4121392	747318	988525	2389880	1417463	152670	750264	14116093	66234	16	6393372	4057761	560884	172679	2995691	1924
2021-04-01	14506097	323770	231366	92404	10687297	765858	3052926	10181329	4324784	0.122	0.052	6936269	5606629	944397	1747554	4476928	4175958	787230	994147	2459341	1430671	157167	753407	14419784	86313	16	6545762	4141535	584591	181267	3050960	1966
2021-04-02	14736088	229991	158410	71581	10868766	782503	3084803	10339739	4396365	0.124	0.053	7067172	5654574	981393	1749910	4552089	4213818	820223	995356	2515083	1440756	161170	754554	14648251	87837	16	6661136	4207630	595771	186732	3082816	1987
2021-04-03	14968121	232033	166017	66016	11042377	799703	3126025	10505756	4462381	0.126	0.054	7198861	5698683	1018737	1753036	4633025	4248782	853330	997097	2565836	1449901	165407	755939	14878885	89236	16	6774116	4268261	607619	192084	3124005	2020
2021-04-04	15164256	196135	142597	53538	11177742	810835	3175663	10648353	4515919	0.128	0.054	7309766	5731715	1048001	1754173	4704262	4274251	879171	997551	2605504	1457464	168830	756622	15074884	89372	16	6860181	4317561	614554	196281	3173602	2061
2021-04-05	15413935	249679	176296	73383	11346088	828762	3239069	10824649	4589302	0.130	0.055	7456036	5770066	1081529	1756372	4794323	4302940	907924	998846	2661713	1467126	173605	757526	15323253	90682	16	6960458	4385630	627205	201557	3236970	2099
2021-04-06	15792490	378555	279514	99041	11604220	862002	3326252	11104163	4688343	0.134	0.056	7644926	5826686	1124640	1761928	4910112	4346229	944820	1001588	2734814	1480457	179820	760340	15665181	127309	16	7128363	4475857	651711	210291	3324073	2179
2021-04-07	16470252	677762	580666	97096	12146476	897811	3425949	11684829	4785439	0.140	0.058	7644926	5826686	1124640	1761928	4910112	4346229	944820	1001588	2734814	1480457	179820	760340	16037279	432973	16	7581819	4564657	679315	218496	3423679	2270
2021-04-08	17203200	732948	643215	89733	12720023	933088	3550073	12328044	4875172	0.148	0.059	7644926	5826686	1124640	1761928	4910112	4346229	944820	1001588	2734814	1480457	179820	760340	16445349	757851	16	8074763	4645260	705531	227557	3547734	2339
2021-04-09	17826371	623171	534854	88317	13206912	969048	3650395	12862898	4963489	0.155	0.060	7644926	5826686	1124640	1761928	4910112	4346229	944820	1001588	2734814	1480457	179820	760340	16829017	997354	16	8484511	4722401	730412	238636	3647959	2436
2021-04-10	18194870	368499	303049	65450	13452685	992262	3749907	13165947	5028939	0.158	0.060	7644926	5826686	1124640	1761928	4910112	4346229	944820	1001588	2734814	1480457	179820	760340	17164470	1030400	16	8672433	4780252	746101	246161	3747397	2510
2021-04-11	18455467	260597	210527	50070	13620524	1010296	3824631	13376474	5079009	0.161	0.061	7644926	5826686	1124640	1761928	4910112	4346229	944820	1001588	2734814	1480457	179820	760340	17419988	1035479	16	8793969	4826555	760418	249878	3822071	2560
2021-04-12	18871203	415736	338917	76819	13899405	1038976	3932806	13715391	5155828	0.165	0.062	7644926	5826686	1124640	1761928	4910112	4346229	944820	1001588	2734814	1480457	179820	760340	17787217	1083986	16	9004696	4894709	780508	258468	3930171	2635
2021-04-13	19442536	571333	497948	73385	14328543	1065643	4048334	14213339	5229213	0.171	0.063	7644926	5826686	1124640	1761928	4910112	4346229	944820	1001588	2734814	1480457	179820	760340	18162420	1280116	16	9365996	4962547	801819	263824	4045508	2826
2021-04-14	20216446	773910	690516	83394	14945570	1099144	4171716	14903855	5312607	0.179	0.064	7644926	5826686	1124640	1761928	4910112	4346229	944820	1001588	2734814	1480457	179820	760340	18562533	1653913	16	9908734	5036836	826783	272361	4168322	3394
2021-04-15	20895831	679385	608601	70784	15478116	1135491	4282208	15512456	5383391	0.187	0.065	7644926	5826686	1124640	1761928	4910112	4346229	944820	1001588	2734814	1480457	179820	760340	18946289	1949542	16	10380206	5097910	854380	281111	4277854	4354
2021-04-16	21489222	593391	518033	75358	15915051	1166851	4407304	16030489	5458749	0.193	0.066	7644926	5826686	1124640	1761928	4910112	4346229	944820	1001588	2734814	1480457	179820	760340	19344841	2144381	16	10751499	5163552	876868	289983	4402106	5198
2021-04-17	21851511	362289	305810	56479	16138581	1188990	4523924	16336299	5515228	0.196	0.066	7644926	5826686	1124640	1761928	4910112	4346229	944820	1001588	2734814	1480457	179820	760340	19685326	2166185	16	10927106	5211475	891923	297067	4517254	6670
2021-04-18	22117693	266182	226960	39222	16309964	1203403	4604310	16563259	5554450	0.199	0.067	7644926	5826686	1124640	1761928	4910112	4346229	944820	1001588	2734814	1480457	179820	760340	19946897	2170796	16	11064226	5245738	902476	300927	4596541	7769
2021-04-19	22516724	399031	338248	60783	16599562	1235229	4681917	16901507	5615233	0.203	0.068	7644926	5826686	1124640	1761928	4910112	4346229	944820	1001588	2734814	1480457	179820	760340	20301597	2215127	16	11302127	5297435	926477	308752	4672887	9030
2021-04-20	23072102	555378	493770	61608	16977803	1273120	4821163	17395277	5676841	0.209	0.068	7644926	5826686	1124640	1761928	4910112	4346229	944820	1001588	2734814	1480457	179820	760340	20662524	2409578	16	11627058	5350745	958084	315036	4810119	11044
2021-04-21	23785643	713541	641791	71750	17427333	1312593	5045701	18037068	5748591	0.217	0.069	7644926	5826686	1124640	1761928	4910112	4346229	944820	1001588	2734814	1480457	179820	760340	21036917	2748726	16	12014989	5412344	989868	322725	5032195	13506
2021-04-22	24419661	634018	567900	66118	17807419	1354100	5258126	18604968	5814709	0.224	0.070	7644926	5826686	1124640	1761928	4910112	4346229	944820	1001588	2734814	1480457	179820	760340	21403676	3015985	16	12339862	5467557	1024080	330020	5241010	17116
2021-04-23	24970630	550969	483425	67544	18157571	1396786	5416257	19088393	5882253	0.230	0.071	7644926	5826686	1124640	1761928	4910112	4346229	944820	1001588	2734814	1480457	179820	760340	21786450	3184180	16	12635993	5521578	1056837	339949	5395547	20710
2021-04-24	25339763	369133	309369	59764	18396284	1446378	5497085	19397762	5942017	0.233	0.071	7644926	5826686	1124640	1761928	4910112	4346229	944820	1001588	2734814	1480457	179820	760340	22138672	3201091	16	12832808	5563476	1091001	355377	5473937	23148
2021-04-25	25623002	283239	235491	47748	18583896	1480279	5558811	19633253	5989765	0.236	0.072	7644926	5826686	1124640	1761928	4910112	4346229	944820	1001588	2734814	1480457	179820	760340	22416097	3206905	16	12984312	5599584	1115153	365126	5533772	25039
2021-04-26	26050750	427748	354515	73233	18899251	1521280	5630141	19987830	6062998	0.240	0.073	7644926	5826686	1124640	1761928	4910112	4346229	944820	1001588	2734814	1480457	179820	760340	22757253	3293497	78	13238932	5660319	1147587	373693	5601233	28908
2021-04-27	26834650	783900	693472	90428	19575033	1572617	5686468	20681756	6153426	0.249	0.074	7644926	5826686	1124640	1761928	4910112	4346229	944820	1001588	2734814	1480457	179820	760340	23126273	3708377	532	13838405	5736628	1189771	382846	5653048	33420
2021-04-28	27954842	1120192	993384	126808	20582462	1631363	5739772	21675853	6280234	0.261	0.076	7644926	5826686	1124640	1761928	4910112	4346229	944820	1001588	2734814	1480457	179820	760340	23517382	4437460	1245	14737045	5845417	1236342	395021	5701221	38551
2021-04-29	28894718	939876	808235	131641	21403329	1693231	5796036	22484965	6411875	0.270	0.077	7644926	5826686	1124640	1761928	4910112	4346229	944820	1001588	2734814	1480457	179820	760340	23899190	4995528	2122	15446743	5956586	1286213	407018	5749887	46149
2021-04-30	29694253	799535	662188	137347	22079172	1749671	5862461	23147980	6549222	0.278	0.079	7644926	5826686	1124640	1761928	4910112	4346229	944820	1001588	2734814	1480457	179820	760340	24298879	5395374	2949	16010357	6068815	1327677	421994	5806997	55464
2021-05-01	30029440	335187	259041	76146	22331394	1790229	5902299	23409590	6625368	0.281	0.080	7644926	5826686	1124640	1761928	4910112	4346229	944820	1001588	2734814	1480457	179820	760340	24609416	5420024	5518	16201344	6130050	1361923	428306	5840805	61494
2021-05-02	30292527	263087	195314	67773	22526303	1827429	5931475	23606706	6693141	0.284	0.080	7644926	5826686	1124640	1761928	4910112	4346229	944820	1001588	2734814	1480457	179820	760340	24864848	5427679	7320	16340300	6186003	1393781	433648	5865305	66170
2021-05-03	30741649	449122	333517	115605	22842382	1896401	5994063	23941706	6808746	0.288	0.082	7644926	5826686	1124640	1761928	4910112	4346229	944820	1001588	2734814	1480457	179820	760340	25220110	5521539	8803	16565733	6276649	1449905	446496	5917265	76798
2021-05-04	31580711	839062	677844	161218	23466491	1958170	6144511	24622286	6969964	0.296	0.084	7644926	5826686	1124640	1761928	4910112	4346229	944820	1001588	2734814	1480457	179820	760340	25591920	5988791	11539	17058420	6408071	1498365	459805	6053962	90549
2021-05-05	32714416	1133705	907828	225877	24308850	2034333	6356049	25533759	7195841	0.307	0.087	7644926	5826686	1124640	1761928	4910112	4346229	944820	1001588	2734814	1480457	179820	760340	25999661	6714755	15184	17719841	6589009	1549864	484469	6248870	107179
2021-05-06	33691166	976750	760120	216630	24993437	2123603	6555993	26296828	7412471	0.316	0.089	7644926	5826686	1124640	1761928	4910112	4346229	944820	1001588	2734814	1480457	179820	760340	26401300	7289866	18133	18230446	6762991	1618351	505252	6429898	126095
2021-05-07	34563222	872056	644703	227353	25570912	2206529	6764963	26944216	7639824	0.324	0.092	7644926	5826686	1124640	1761928	4910112	4346229	944820	1001588	2734814	1480457	179820	760340	26829340	7733882	20818	18639305	6931607	1671963	534566	6612130	152833
2021-05-08	34983484	420262	268500	151762	25836543	2277353	6847903	27213583	7791586	0.327	0.094	7644926	5826686	1124640	1761928	4910112	4346229	944820	1001588	2734814	1480457	179820	760340	27189111	7794373	21685	18792865	7043678	1722982	554371	6676051	171852
2021-05-09	35266582	283098	181253	101845	26030324	2333132	6880378	27395899	7893431	0.329	0.095	7644926	5826686	1124640	1761928	4910112	4346229	944820	1001588	2734814	1480457	179820	760340	27461174	7805408	22748	18907189	7123135	1767826	565306	6698136	182242
2021-05-10	35846701	580119	390318	189801	26399733	2410769	7009861	27789807	8083232	0.334	0.097	7644926	5826686	1124640	1761928	4910112	4346229	944820	1001588	2734814	1480457	179820	760340	27852395	7994306	26338	19135378	7264355	1825271	585498	6802820	207041
2021-05-11	36920777	1074076	792542	281534	27218000	2488563	7185001	28585224	8364766	0.344	0.101	7644926	5826686	1124640	1761928	4910112	4346229	944820	1001588	2734814	1480457	179820	760340	28272776	8648001	29213	19725396	7492604	1880772	607791	6949843	235158
2021-05-12	38318056	1397279	1039890	357389	28302091	2573470	7408772	29629624	8722155	0.356	0.105	7644926	5826686	1124640	1761928	4910112	4346229	944820	1001588	2734814	1480457	179820	760340	28714072	9603984	33723	20517204	7784887	1937533	635937	7141164	267608
2021-05-13	38737846	419790	264432	155358	28610145	2639478	7452620	29895936	8877513	0.359	0.107	7644926	5826686	1124640	1761928	4910112	4346229	944820	1001588	2734814	1480457	179820	760340	29060383	9677463	35603	20701823	7908322	1988435	651043	7170075	282545
2021-05-14	39477898	740052	518550	221502	29144391	2701970	7589894	30420526	9099015	0.366	0.109	7644926	5826686	1124640	1761928	4910112	4346229	944820	1001588	2734814	1480457	179820	760340	29449098	10028800	41643	21061655	8082736	2036166	665804	7281062	308832
2021-05-15	39866219	388321	229331	158990	29415438	2760115	7645410	30653470	9258005	0.369	0.111	7644926	5826686	1124640	1761928	4910112	4346229	944820	1001588	2734814	1480457	179820	760340	29789753	10076466	45256	21215673	8199765	2077975	682140	7314566	330844
2021-05-16	40140877	274658	157755	116903	29609334	2811898	7669819	30815795	9374908	0.371	0.113	7644926	5826686	1124640	1761928	4910112	4346229	944820	1001588	2734814	1480457	179820	760340	30048406	10092471	49826	21320303	8289031	2119869	692029	7325797	344022
2021-05-17	40673815	532938	342384	190554	29936485	2891906	7788608	31165169	9565462	0.375	0.115	7644926	5826686	1124640	1761928	4910112	4346229	944820	1001588	2734814	1480457	179820	760340	30412026	10261789	56816	21509824	8426661	2177304	714602	7421225	367383
2021-05-18	41502028	828213	501720	326493	30500693	2983620	7956357	31671431	9891955	0.381	0.119	7644926	5826686	1124640	1761928	4910112	4346229	944820	1001588	2734814	1480457	179820	760340	30785235	10716793	61358	21798846	8701847	2245148	738472	7566079	390278
